# Fig. 1 arXiv:1801.12562
0.041 0.
1.679 0.
2.465 0.02333
3.382 0.09526
4.103 0.17679
5.02 0.30388
5.479 0.35904
5.741 0.4046
6.134 0.45976
6.527 0.51012
7.379 0.61083
8.231 0.67076
8.755 0.71152
11.114 0.77859
12.686 0.81451
14.062 0.82885
15.504 0.84558
17.863 0.85508
19.959 0.8574
22.908 0.85968
25.07 0.86199
28.281 0.86426
30.247 0.86178
32.409 0.8569
33.85 0.84005
37.388 0.78953
39.747 0.71268
41.778 0.61665
43.548 0.52063
44.334 0.46542
45.513 0.39342
46.431 0.33581
47.807 0.26139
49.445 0.18457
51.148 0.11973
52.983 0.07408
55.145 0.03562
58.421 0.0115
60.714 0.
70.084 0.
